1692419340000,64.03000000,64.08000000,64.03000000,64.07000000,21.82400000,1692419399999,1398.28032000,10,21.26500000,1362.48755000,0
1692419400000,64.06000000,64.07000000,64.06000000,64.07000000,15.61500000,1692419459999,1000.42836000,3,15.61500000,1000.42836000,0
1692419460000,64.06000000,64.07000000,64.06000000,64.07000000,3.42800000,1692419519999,219.62884000,2,3.42800000,219.62884000,0
1692419520000,64.07000000,64.08000000,64.07000000,64.08000000,0.39100000,1692419579999,25.05335000,2,0.19800000,12.68784000,0
1692419580000,64.08000000,64.10000000,64.08000000,64.10000000,16.99000000,1692419639999,1088.75164000,7,16.99000000,1088.75164000,0
1692419640000,64.10000000,64.10000000,64.10000000,64.10000000,0.00000000,1692419699999,0.00000000,0,0.00000000,0.00000000,0
1692419700000,64.12000000,64.16000000,64.12000000,64.14000000,17.73800000,1692419759999,1137.93632000,11,17.62200000,1130.49724000,0
1692419760000,64.14000000,64.15000000,64.14000000,64.14000000,8.37000000,1692419819999,536.86430000,6,2.18200000,139.96598000,0
1692419820000,64.11000000,64.11000000,64.11000000,64.11000000,0.20700000,1692419879999,13.27077000,1,0.20700000,13.27077000,0
1692419880000,64.12000000,64.13000000,64.12000000,64.12000000,43.36200000,1692419939999,2780.43373000,7,10.62700000,681.43941000,0
1692419940000,64.12000000,64.15000000,64.12000000,64.15000000,33.37300000,1692419999999,2140.72192000,5,5.20100000,333.48812000,0
1692420000000,64.18000000,64.18000000,64.18000000,64.18000000,0.44500000,1692420059999,28.56010000,3,0.44500000,28.56010000,0
1692420060000,64.19000000,64.21000000,64.19000000,64.20000000,7.94800000,1692420119999,510.33054000,4,7.94800000,510.33054000,0
1692420120000,64.17000000,64.17000000,64.16000000,64.16000000,2.37100000,1692420179999,152.13069000,2,2.37100000,152.13069000,0
1692420180000,64.16000000,64.16000000,64.16000000,64.16000000,0.00000000,1692420239999,0.00000000,0,0.00000000,0.00000000,0
1692420240000,64.16000000,64.21000000,64.16000000,64.19000000,10.60900000,1692420299999,680.94043000,8,10.47600000,672.40316000,0
1692420300000,64.21000000,64.25000000,64.21000000,64.25000000,63.15200000,1692420359999,4055.53947000,16,63.03000000,4047.70219000,0
1692420360000,64.26000000,64.29000000,64.24000000,64.24000000,3.78100000,1692420419999,242.98880000,13,3.78100000,242.98880000,0
1692420420000,64.23000000,64.25000000,64.23000000,64.25000000,1.87400000,1692420479999,120.38168000,3,1.87400000,120.38168000,0
1692420480000,64.25000000,64.25000000,64.25000000,64.25000000,0.51000000,1692420539999,32.76750000,1,0.51000000,32.76750000,0
1692420540000,64.24000000,64.31000000,64.24000000,64.29000000,66.41500000,1692420599999,4268.33848000,20,63.84600000,4103.17747000,0
1692420600000,64.27000000,64.27000000,64.27000000,64.27000000,0.72200000,1692420659999,46.40294000,1,0.72200000,46.40294000,0
1692420660000,64.22000000,64.22000000,64.21000000,64.21000000,49.77300000,1692420719999,3195.94947000,3,0.00000000,0.00000000,0
1692420720000,64.21000000,64.21000000,64.21000000,64.21000000,0.00000000,1692420779999,0.00000000,0,0.00000000,0.00000000,0
1692420780000,64.21000000,64.21000000,64.21000000,64.21000000,0.00000000,1692420839999,0.00000000,0,0.00000000,0.00000000,0
1692420840000,64.21000000,64.21000000,64.21000000,64.21000000,0.00000000,1692420899999,0.00000000,0,0.00000000,0.00000000,0
1692420900000,64.26000000,64.29000000,64.26000000,64.29000000,1.33700000,1692420959999,85.93242000,3,1.33700000,85.93242000,0
1692420960000,64.30000000,64.31000000,64.30000000,64.30000000,23.67000000,1692421019999,1521.98270000,6,19.19300000,1234.11160000,0
1692421020000,64.30000000,64.30000000,64.29000000,64.30000000,2.05800000,1692421079999,132.32815000,4,2.05800000,132.32815000,0
1692421080000,64.30000000,64.30000000,64.30000000,64.30000000,1.08000000,1692421139999,69.44400000,1,1.08000000,69.44400000,0
1692421140000,64.30000000,64.34000000,64.30000000,64.34000000,4.63900000,1692421199999,298.35043000,9,4.63900000,298.35043000,0
1692421200000,64.31000000,64.31000000,64.31000000,64.31000000,103.45400000,1692421259999,6653.12674000,12,35.47900000,2281.65449000,0
1692421260000,64.26000000,64.26000000,64.19000000,64.19000000,9.38600000,1692421319999,602.71343000,11,0.62900000,40.39438000,0
1692421320000,64.19000000,64.19000000,64.16000000,64.16000000,18.55600000,1692421379999,1191.10644000,5,0.00000000,0.00000000,0
1692421380000,64.16000000,64.16000000,64.14000000,64.14000000,8.00500000,1692421439999,513.58918000,7,7.03100000,451.10896000,0
1692421440000,64.14000000,64.14000000,64.14000000,64.14000000,0.00000000,1692421499999,0.00000000,0,0.00000000,0.00000000,0
1692421500000,64.14000000,64.16000000,64.14000000,64.16000000,2.13900000,1692421559999,137.22192000,4,2.13900000,137.22192000,0
1692421560000,64.14000000,64.14000000,64.14000000,64.14000000,1.62500000,1692421619999,104.22750000,2,1.62500000,104.22750000,0
1692421620000,64.14000000,64.17000000,64.13000000,64.17000000,3.18600000,1692421679999,204.35812000,4,2.02400000,129.83906000,0
1692421680000,64.17000000,64.17000000,64.13000000,64.13000000,79.55700000,1692421739999,5103.01146000,17,0.43700000,28.03601000,0
1692421740000,64.13000000,64.16000000,64.13000000,64.16000000,14.76400000,1692421799999,947.09642000,4,14.76400000,947.09642000,0
1692421800000,64.18000000,64.18000000,64.15000000,64.15000000,47.65800000,1692421859999,3058.12480000,8,0.00000000,0.00000000,0
1692421860000,64.16000000,64.17000000,64.16000000,64.16000000,4.77300000,1692421919999,306.25108000,3,4.77300000,306.25108000,0
1692421920000,64.16000000,64.16000000,64.16000000,64.16000000,0.27200000,1692421979999,17.45152000,1,0.00000000,0.00000000,0
1692421980000,64.13000000,64.13000000,64.13000000,64.13000000,11.82500000,1692422039999,758.33725000,4,11.82500000,758.33725000,0
1692422040000,64.12000000,64.12000000,64.11000000,64.12000000,16.58600000,1692422099999,1063.33322000,7,16.22800000,1040.37826000,0
1692422100000,64.10000000,64.10000000,64.10000000,64.10000000,3.35100000,1692422159999,214.79910000,3,3.16300000,202.74830000,0
1692422160000,64.10000000,64.10000000,64.10000000,64.10000000,65.34700000,1692422219999,4188.74270000,5,65.34700000,4188.74270000,0
1692422220000,64.09000000,64.09000000,64.03000000,64.04000000,309.01300000,1692422279999,19795.38766000,19,3.24100000,207.57481000,0
1692422280000,64.04000000,64.04000000,64.04000000,64.04000000,0.00000000,1692422339999,0.00000000,0,0.00000000,0.00000000,0
1692422340000,64.05000000,64.05000000,64.03000000,64.03000000,17.46600000,1692422399999,1118.36720000,5,17.46600000,1118.36720000,0
1692422400000,64.06000000,64.08000000,64.06000000,64.08000000,1.08600000,1692422459999,69.58304000,2,1.08600000,69.58304000,0
1692422460000,64.09000000,64.09000000,64.09000000,64.09000000,0.18900000,1692422519999,12.11301000,1,0.18900000,12.11301000,0
1692422520000,64.09000000,64.09000000,64.09000000,64.09000000,10.23400000,1692422579999,655.89706000,5,0.00000000,0.00000000,0
1692422580000,64.08000000,64.08000000,64.08000000,64.08000000,9.94200000,1692422639999,637.08336000,3,9.94200000,637.08336000,0
1692422640000,64.08000000,64.08000000,64.08000000,64.08000000,0.00000000,1692422699999,0.00000000,0,0.00000000,0.00000000,0
1692422700000,64.06000000,64.06000000,64.03000000,64.03000000,0.79000000,1692422759999,50.59240000,2,0.79000000,50.59240000,0
1692422760000,64.03000000,64.03000000,64.03000000,64.03000000,0.00000000,1692422819999,0.00000000,0,0.00000000,0.00000000,0
1692422820000,64.05000000,64.05000000,64.05000000,64.05000000,0.30300000,1692422879999,19.40715000,1,0.30300000,19.40715000,0
1692422880000,64.05000000,64.05000000,64.03000000,64.03000000,3.49100000,1692422939999,223.59201000,4,3.49100000,223.59201000,0
1692422940000,64.00000000,64.01000000,63.99000000,63.99000000,1.25600000,1692422999999,80.38490000,4,0.27900000,17.85879000,0
1692423000000,63.97000000,64.03000000,63.97000000,64.03000000,1.05700000,1692423059999,67.63987000,4,0.69400000,44.41876000,0
1692423060000,64.03000000,64.03000000,64.03000000,64.03000000,0.00000000,1692423119999,0.00000000,0,0.00000000,0.00000000,0
1692423120000,64.01000000,64.01000000,64.00000000,64.01000000,1.58900000,1692423179999,101.70546000,3,1.58900000,101.70546000,0
1692423180000,63.96000000,64.00000000,63.92000000,63.92000000,3.46900000,1692423239999,221.89234000,9,2.43600000,155.84719000,0
1692423240000,63.90000000,63.97000000,63.90000000,63.95000000,8.16000000,1692423299999,521.96255000,5,7.77100000,497.10545000,0
1692423300000,63.95000000,63.95000000,63.95000000,63.95000000,0.00000000,1692423359999,0.00000000,0,0.00000000,0.00000000,0
1692423360000,63.95000000,63.95000000,63.95000000,63.95000000,0.08400000,1692423419999,5.37180000,1,0.00000000,0.00000000,0
1692423420000,63.89000000,63.92000000,63.86000000,63.86000000,5.25200000,1692423479999,335.47061000,7,3.71800000,237.50181000,0
1692423480000,63.86000000,63.91000000,63.86000000,63.88000000,28.04100000,1692423539999,1791.65456000,11,19.72100000,1260.17162000,0
1692423540000,63.88000000,63.88000000,63.85000000,63.85000000,5.83800000,1692423599999,372.79863000,9,5.46800000,349.16870000,0
1692423600000,63.84000000,63.87000000,63.82000000,63.87000000,57.56500000,1692423659999,3675.08292000,19,42.23000000,2696.24876000,0
1692423660000,63.89000000,63.89000000,63.86000000,63.87000000,18.57000000,1692423719999,1186.21974000,6,18.57000000,1186.21974000,0
1692423720000,63.87000000,63.89000000,63.87000000,63.88000000,38.86600000,1692423779999,2482.62623000,7,35.85800000,2290.45252000,0
1692423780000,63.89000000,63.96000000,63.89000000,63.95000000,137.42900000,1692423839999,8786.23852000,25,133.80100000,8554.27672000,0
1692423840000,63.95000000,63.95000000,63.95000000,63.95000000,0.00000000,1692423899999,0.00000000,0,0.00000000,0.00000000,0
1692423900000,63.94000000,63.94000000,63.94000000,63.94000000,43.96300000,1692423959999,2810.99422000,2,43.96300000,2810.99422000,0
1692423960000,63.95000000,63.95000000,63.95000000,63.95000000,6.91700000,1692424019999,442.34215000,1,6.91700000,442.34215000,0
1692424020000,63.95000000,63.95000000,63.95000000,63.95000000,0.00000000,1692424079999,0.00000000,0,0.00000000,0.00000000,0
1692424080000,63.92000000,63.92000000,63.92000000,63.92000000,8.30000000,1692424139999,530.53600000,1,0.00000000,0.00000000,0
1692424140000,63.88000000,63.89000000,63.80000000,63.82000000,105.98900000,1692424199999,6766.79809000,23,5.84900000,373.56808000,0
1692424200000,63.84000000,63.88000000,63.84000000,63.88000000,5.41300000,1692424259999,345.59346000,6,3.52500000,225.06354000,0
1692424260000,63.88000000,63.88000000,63.86000000,63.86000000,14.53900000,1692424319999,928.57739000,6,13.91300000,888.60103000,0
1692424320000,63.82000000,63.83000000,63.80000000,63.83000000,34.33400000,1692424379999,2190.89944000,8,8.65500000,552.44865000,0
1692424380000,63.84000000,63.84000000,63.84000000,63.84000000,1.13600000,1692424439999,72.52224000,2,1.13600000,72.52224000,0
1692424440000,63.83000000,63.86000000,63.83000000,63.86000000,18.15300000,1692424499999,1158.88870000,4,17.38800000,1110.05875000,0
1692424500000,63.85000000,63.87000000,63.85000000,63.87000000,5.51900000,1692424559999,352.44497000,4,5.51900000,352.44497000,0
1692424560000,63.88000000,63.88000000,63.88000000,63.88000000,0.18900000,1692424619999,12.07332000,1,0.18900000,12.07332000,0
1692424620000,63.88000000,63.88000000,63.87000000,63.87000000,1.12900000,1692424679999,72.11330000,2,1.12900000,72.11330000,0
1692424680000,63.85000000,63.85000000,63.84000000,63.84000000,1.27300000,1692424739999,81.26988000,2,0.15600000,9.96060000,0
1692424740000,63.85000000,63.85000000,63.85000000,63.85000000,0.69700000,1692424799999,44.50345000,1,0.69700000,44.50345000,0
1692424800000,63.85000000,63.85000000,63.85000000,63.85000000,0.00000000,1692424859999,0.00000000,0,0.00000000,0.00000000,0
1692424860000,63.88000000,63.88000000,63.87000000,63.87000000,4.83800000,1692424919999,309.01229000,5,0.73300000,46.82404000,0
1692424920000,63.88000000,63.91000000,63.88000000,63.91000000,9.03200000,1692424979999,577.02200000,5,2.89200000,184.79880000,0
1692424980000,63.92000000,63.93000000,63.92000000,63.93000000,7.80900000,1692425039999,499.17198000,7,7.80900000,499.17198000,0
1692425040000,63.93000000,63.93000000,63.93000000,63.93000000,0.00000000,1692425099999,0.00000000,0,0.00000000,0.00000000,0
1692425100000,63.91000000,63.92000000,63.89000000,63.92000000,8.01100000,1692425159999,511.87365000,3,8.01100000,511.87365000,0
1692425160000,63.92000000,63.92000000,63.92000000,63.92000000,0.19500000,1692425219999,12.46440000,1,0.19500000,12.46440000,0
1692425220000,63.92000000,63.92000000,63.92000000,63.92000000,0.47700000,1692425279999,30.48984000,1,0.47700000,30.48984000,0
1692425280000,63.91000000,63.91000000,63.88000000,63.88000000,31.55100000,1692425339999,2015.71927000,4,0.22000000,14.06020000,0
1692425340000,63.89000000,63.89000000,63.85000000,63.85000000,45.45600000,1692425399999,2902.92666000,8,1.85200000,118.32428000,0
1692425400000,63.85000000,63.85000000,63.85000000,63.85000000,0.00000000,1692425459999,0.00000000,0,0.00000000,0.00000000,0
1692425460000,63.85000000,63.85000000,63.85000000,63.85000000,0.00000000,1692425519999,0.00000000,0,0.00000000,0.00000000,0
1692425520000,63.88000000,63.89000000,63.88000000,63.89000000,2.79300000,1692425579999,178.44009000,3,2.32500000,148.54425000,0
1692425580000,63.89000000,63.89000000,63.89000000,63.89000000,0.00000000,1692425639999,0.00000000,0,0.00000000,0.00000000,0
1692425640000,63.90000000,63.90000000,63.90000000,63.90000000,1.52000000,1692425699999,97.12800000,1,1.52000000,97.12800000,0
1692425700000,63.90000000,63.90000000,63.90000000,63.90000000,0.00000000,1692425759999,0.00000000,0,0.00000000,0.00000000,0
1692425760000,63.84000000,63.84000000,63.84000000,63.84000000,0.17200000,1692425819999,10.98048000,1,0.00000000,0.00000000,0
1692425820000,63.83000000,63.83000000,63.80000000,63.81000000,3.98300000,1692425879999,254.18415000,8,3.02400000,192.98604000,0
1692425880000,63.81000000,63.81000000,63.80000000,63.81000000,32.49300000,1692425939999,2073.10388000,10,4.81600000,307.30896000,0
1692425940000,63.83000000,63.83000000,63.83000000,63.83000000,3.43200000,1692425999999,219.06456000,4,3.43200000,219.06456000,0
1692426000000,63.83000000,63.83000000,63.82000000,63.82000000,1.73000000,1692426059999,110.41727000,2,1.73000000,110.41727000,0
1692426060000,63.83000000,63.83000000,63.83000000,63.83000000,6.14500000,1692426119999,392.23535000,3,6.14500000,392.23535000,0
1692426120000,63.84000000,63.84000000,63.84000000,63.84000000,1.00000000,1692426179999,63.84000000,1,0.00000000,0.00000000,0
1692426180000,63.85000000,63.85000000,63.83000000,63.83000000,11.91900000,1692426239999,760.81527000,4,11.06400000,706.23766000,0
1692426240000,63.87000000,63.89000000,63.87000000,63.89000000,10.52300000,1692426299999,672.11432000,6,10.41200000,665.02364000,0
1692426300000,63.89000000,63.93000000,63.89000000,63.93000000,425.98000000,1692426359999,27232.64029000,4,425.98000000,27232.64029000,0
1692426360000,63.92000000,63.93000000,63.91000000,63.93000000,8.12700000,1692426419999,519.48793000,6,7.93800000,507.40894000,0
1692426420000,63.94000000,63.96000000,63.94000000,63.96000000,0.65700000,1692426479999,42.01794000,3,0.65700000,42.01794000,0
1692426480000,63.95000000,63.96000000,63.95000000,63.96000000,5.73000000,1692426539999,366.44788000,3,1.43800000,91.97448000,0
1692426540000,63.96000000,63.96000000,63.96000000,63.96000000,0.00000000,1692426599999,0.00000000,0,0.00000000,0.00000000,0
1692426600000,63.96000000,63.96000000,63.94000000,63.94000000,38.29900000,1692426659999,2448.94086000,6,2.50000000,159.90000000,0
1692426660000,63.88000000,63.88000000,63.88000000,63.88000000,0.18900000,1692426719999,12.07332000,1,0.00000000,0.00000000,0
1692426720000,63.91000000,63.91000000,63.91000000,63.91000000,3.48000000,1692426779999,222.40680000,2,3.48000000,222.40680000,0
1692426780000,63.90000000,63.90000000,63.89000000,63.89000000,3.87400000,1692426839999,247.51995000,3,2.86500000,183.04485000,0
1692426840000,63.86000000,63.86000000,63.85000000,63.85000000,20.37800000,1692426899999,1301.33725000,5,0.18300000,11.68455000,0
1692426900000,63.90000000,63.94000000,63.90000000,63.94000000,28.98800000,1692426959999,1852.75862000,21,20.69400000,1322.52320000,0
1692426960000,63.93000000,63.93000000,63.90000000,63.91000000,1.74900000,1692427019999,111.79285000,3,1.74900000,111.79285000,0
1692427020000,63.90000000,63.91000000,63.90000000,63.91000000,5.42900000,1692427079999,346.91817000,2,5.42900000,346.91817000,0
1692427080000,63.87000000,63.87000000,63.85000000,63.85000000,8.57400000,1692427139999,547.61683000,5,0.00000000,0.00000000,0
1692427140000,63.85000000,63.85000000,63.81000000,63.81000000,49.50800000,1692427199999,3159.13473000,9,10.49400000,669.62214000,0
1692427200000,63.80000000,63.80000000,63.78000000,63.78000000,39.26500000,1692427259999,2504.93433000,7,8.38100000,534.54018000,0
1692427260000,63.77000000,63.77000000,63.74000000,63.74000000,2.27500000,1692427319999,145.04325000,7,0.23800000,15.17488000,0
1692427320000,63.79000000,63.79000000,63.79000000,63.79000000,0.51500000,1692427379999,32.85185000,1,0.51500000,32.85185000,0
1692427380000,63.79000000,63.79000000,63.74000000,63.74000000,398.51400000,1692427439999,25401.51461000,6,0.60700000,38.72053000,0
1692427440000,63.76000000,63.76000000,63.76000000,63.76000000,2.51400000,1692427499999,160.29264000,2,2.51400000,160.29264000,0
1692427500000,63.77000000,63.77000000,63.75000000,63.75000000,8.44000000,1692427559999,538.06150000,3,8.44000000,538.06150000,0
1692427560000,63.78000000,63.82000000,63.78000000,63.82000000,17.36800000,1692427619999,1107.76364000,19,17.36800000,1107.76364000,0
1692427620000,63.82000000,63.82000000,63.82000000,63.82000000,0.00000000,1692427679999,0.00000000,0,0.00000000,0.00000000,0
1692427680000,63.78000000,63.80000000,63.78000000,63.78000000,4.04900000,1692427739999,258.25432000,4,0.45500000,29.02900000,0
1692427740000,63.79000000,63.79000000,63.79000000,63.79000000,0.78300000,1692427799999,49.94757000,1,0.78300000,49.94757000,0
1692427800000,63.78000000,63.80000000,63.78000000,63.80000000,11.49700000,1692427859999,733.46066000,6,9.10000000,580.58000000,0
1692427860000,63.80000000,63.82000000,63.80000000,63.82000000,52.63300000,1692427919999,3358.32604000,26,52.63300000,3358.32604000,0
1692427920000,63.84000000,63.84000000,63.84000000,63.84000000,1.42000000,1692427979999,90.65280000,1,1.42000000,90.65280000,0
1692427980000,63.83000000,63.83000000,63.76000000,63.76000000,17.04500000,1692428039999,1087.27708000,11,0.47200000,30.10416000,0
1692428040000,63.77000000,63.77000000,63.77000000,63.77000000,7.03300000,1692428099999,448.49441000,1,7.03300000,448.49441000,0
1692428100000,63.78000000,63.78000000,63.78000000,63.78000000,0.71200000,1692428159999,45.41136000,1,0.71200000,45.41136000,0
1692428160000,63.78000000,63.78000000,63.78000000,63.78000000,18.70800000,1692428219999,1193.19624000,15,18.70800000,1193.19624000,0
1692428220000,63.79000000,63.79000000,63.77000000,63.77000000,7.92600000,1692428279999,505.46100000,8,0.99900000,63.72621000,0
1692428280000,63.77000000,63.77000000,63.73000000,63.73000000,24.96000000,1692428339999,1590.82618000,11,4.43400000,282.70042000,0
1692428340000,63.72000000,63.72000000,63.72000000,63.72000000,0.36300000,1692428399999,23.13036000,2,0.00000000,0.00000000,0
1692428400000,63.73000000,63.73000000,63.73000000,63.73000000,15.15700000,1692428459999,965.95561000,2,15.15700000,965.95561000,0
1692428460000,63.73000000,63.74000000,63.72000000,63.74000000,9.08800000,1692428519999,579.10341000,6,2.16000000,137.64998000,0
1692428520000,63.70000000,63.70000000,63.58000000,63.63000000,460.03900000,1692428579999,29272.85835000,47,6.53900000,416.07177000,0
1692428580000,63.64000000,63.66000000,63.64000000,63.64000000,11.64900000,1692428639999,741.52413000,9,10.68200000,679.98425000,0
1692428640000,63.63000000,63.64000000,63.63000000,63.64000000,33.41600000,1692428699999,2126.33218000,4,33.41600000,2126.33218000,0
1692428700000,63.65000000,63.66000000,63.65000000,63.66000000,22.48200000,1692428759999,1431.04708000,3,22.48200000,1431.04708000,0
1692428760000,63.67000000,63.69000000,63.67000000,63.69000000,1.93900000,1692428819999,123.47673000,4,1.93900000,123.47673000,0
1692428820000,63.69000000,63.69000000,63.69000000,63.69000000,0.00000000,1692428879999,0.00000000,0,0.00000000,0.00000000,0
1692428880000,63.66000000,63.67000000,63.66000000,63.67000000,2.21900000,1692428939999,141.27002000,5,2.21900000,141.27002000,0
1692428940000,63.63000000,63.63000000,63.60000000,63.60000000,4.41700000,1692428999999,281.01062000,3,2.35700000,149.97591000,0
1692429000000,63.63000000,63.64000000,63.63000000,63.64000000,498.32400000,1692429059999,31713.15888000,9,480.40400000,30572.90928000,0
1692429060000,63.65000000,63.65000000,63.64000000,63.64000000,6.68100000,1692429119999,425.22790000,6,1.77500000,112.96100000,0
1692429120000,63.59000000,63.63000000,63.59000000,63.63000000,8.16700000,1692429179999,519.44289000,3,8.16700000,519.44289000,0
1692429180000,63.58000000,63.62000000,63.55000000,63.62000000,2.73800000,1692429239999,174.12564000,7,1.87600000,119.33702000,0
1692429240000,63.61000000,63.61000000,63.61000000,63.61000000,2.53400000,1692429299999,161.18774000,1,0.00000000,0.00000000,0
1692429300000,63.61000000,63.61000000,63.61000000,63.61000000,0.00000000,1692429359999,0.00000000,0,0.00000000,0.00000000,0
1692429360000,63.62000000,63.65000000,63.62000000,63.65000000,0.98300000,1692429419999,62.55584000,7,0.86900000,55.30316000,0
1692429420000,63.67000000,63.68000000,63.61000000,63.61000000,1.25500000,1692429479999,79.87863000,4,0.71400000,45.46562000,0
1692429480000,63.58000000,63.58000000,63.58000000,63.58000000,0.19000000,1692429539999,12.08020000,1,0.00000000,0.00000000,0
1692429540000,63.57000000,63.59000000,63.57000000,63.58000000,3.43800000,1692429599999,218.59101000,3,0.59700000,37.96323000,0
1692429600000,63.58000000,63.58000000,63.58000000,63.58000000,0.00000000,1692429659999,0.00000000,0,0.00000000,0.00000000,0
1692429660000,63.58000000,63.58000000,63.58000000,63.58000000,0.73500000,1692429719999,46.73130000,1,0.00000000,0.00000000,0
1692429720000,63.60000000,63.60000000,63.60000000,63.60000000,1.17100000,1692429779999,74.47560000,1,1.17100000,74.47560000,0
1692429780000,63.60000000,63.60000000,63.60000000,63.60000000,0.00000000,1692429839999,0.00000000,0,0.00000000,0.00000000,0
1692429840000,63.64000000,63.64000000,63.63000000,63.64000000,25.33900000,1692429899999,1612.35860000,11,11.77500000,749.28128000,0
1692429900000,63.64000000,63.65000000,63.64000000,63.65000000,1.77100000,1692429959999,112.70834000,2,1.77100000,112.70834000,0
1692429960000,63.67000000,63.68000000,63.67000000,63.68000000,1.24900000,1692430019999,79.53011000,3,1.24900000,79.53011000,0
1692430020000,63.67000000,63.67000000,63.64000000,63.64000000,21.14400000,1692430079999,1346.14539000,3,0.00000000,0.00000000,0
1692430080000,63.61000000,63.65000000,63.60000000,63.65000000,14.03500000,1692430139999,893.07640000,6,11.21700000,713.84829000,0
1692430140000,63.67000000,63.67000000,63.67000000,63.67000000,2.40200000,1692430199999,152.93534000,2,0.72200000,45.96974000,0
1692430200000,63.64000000,63.65000000,63.64000000,63.65000000,18.19800000,1692430259999,1158.20602000,3,16.71800000,1064.01882000,0
1692430260000,63.67000000,63.70000000,63.67000000,63.70000000,19.97600000,1692430319999,1272.06103000,10,19.97600000,1272.06103000,0
1692430320000,63.70000000,63.74000000,63.70000000,63.74000000,75.18200000,1692430379999,4790.13404000,17,35.70300000,2275.32174000,0
1692430380000,63.75000000,63.80000000,63.74000000,63.80000000,25.70700000,1692430439999,1638.72992000,15,25.70700000,1638.72992000,0
1692430440000,63.81000000,63.84000000,63.81000000,63.84000000,4.84300000,1692430499999,309.07331000,17,1.62500000,103.73041000,0
1692430500000,63.85000000,63.86000000,63.85000000,63.86000000,0.60600000,1692430559999,38.69484000,5,0.60600000,38.69484000,0
1692430560000,63.86000000,63.86000000,63.86000000,63.86000000,0.00000000,1692430619999,0.00000000,0,0.00000000,0.00000000,0
1692430620000,63.86000000,63.91000000,63.86000000,63.91000000,4.59000000,1692430679999,293.23688000,10,4.59000000,293.23688000,0
1692430680000,63.88000000,63.90000000,63.87000000,63.87000000,63.73700000,1692430739999,4072.19935000,11,55.36400000,3537.33329000,0
1692430740000,63.83000000,63.83000000,63.82000000,63.82000000,2.34000000,1692430799999,149.34069000,2,0.00000000,0.00000000,0
1692430800000,63.82000000,63.85000000,63.80000000,63.85000000,10.95600000,1692430859999,699.35288000,5,7.30800000,466.60670000,0
1692430860000,63.85000000,63.85000000,63.85000000,63.85000000,0.00000000,1692430919999,0.00000000,0,0.00000000,0.00000000,0
1692430920000,63.88000000,63.90000000,63.88000000,63.90000000,2.77200000,1692430979999,177.10481000,3,2.77200000,177.10481000,0
1692430980000,63.90000000,63.90000000,63.90000000,63.90000000,0.00000000,1692431039999,0.00000000,0,0.00000000,0.00000000,0
1692431040000,63.90000000,63.90000000,63.86000000,63.86000000,0.66000000,1692431099999,42.15516000,2,0.18900000,12.07710000,0
1692431100000,63.85000000,63.85000000,63.85000000,63.85000000,4.34600000,1692431159999,277.49210000,1,4.34600000,277.49210000,0
1692431160000,63.84000000,63.89000000,63.84000000,63.89000000,18.08300000,1692431219999,1154.64677000,5,17.99100000,1148.77349000,0
1692431220000,63.89000000,63.89000000,63.89000000,63.89000000,0.00000000,1692431279999,0.00000000,0,0.00000000,0.00000000,0
1692431280000,63.89000000,63.92000000,63.89000000,63.91000000,48.58200000,1692431339999,3104.82027000,11,31.39700000,2006.52692000,0
1692431340000,63.90000000,63.92000000,63.90000000,63.92000000,0.79800000,1692431399999,51.00388000,2,0.79800000,51.00388000,0
1692431400000,63.92000000,63.92000000,63.92000000,63.92000000,0.00000000,1692431459999,0.00000000,0,0.00000000,0.00000000,0
1692431460000,63.92000000,63.92000000,63.92000000,63.92000000,0.00000000,1692431519999,0.00000000,0,0.00000000,0.00000000,0
1692431520000,63.88000000,63.88000000,63.88000000,63.88000000,0.56200000,1692431579999,35.90056000,1,0.56200000,35.90056000,0
1692431580000,63.89000000,63.89000000,63.89000000,63.89000000,4.12900000,1692431639999,263.80181000,2,4.12900000,263.80181000,0
1692431640000,63.89000000,63.89000000,63.89000000,63.89000000,0.00000000,1692431699999,0.00000000,0,0.00000000,0.00000000,0
1692431700000,63.90000000,63.90000000,63.89000000,63.90000000,2.26100000,1692431759999,144.47634000,3,2.10500000,134.50950000,0
1692431760000,63.89000000,63.90000000,63.88000000,63.88000000,3.33300000,1692431819999,212.97346000,3,3.33300000,212.97346000,0
1692431820000,63.88000000,63.88000000,63.88000000,63.88000000,0.00000000,1692431879999,0.00000000,0,0.00000000,0.00000000,0
1692431880000,63.88000000,63.88000000,63.88000000,63.88000000,0.00000000,1692431939999,0.00000000,0,0.00000000,0.00000000,0
1692431940000,63.90000000,63.90000000,63.90000000,63.90000000,0.46900000,1692431999999,29.96910000,1,0.46900000,29.96910000,0
1692432000000,63.90000000,63.95000000,63.90000000,63.95000000,44.05300000,1692432059999,2815.10297000,7,44.05300000,2815.10297000,0
1692432060000,63.95000000,63.95000000,63.95000000,63.95000000,0.18900000,1692432119999,12.08655000,1,0.18900000,12.08655000,0
1692432120000,63.94000000,63.94000000,63.94000000,63.94000000,3.10800000,1692432179999,198.72552000,3,2.03300000,129.99002000,0
1692432180000,63.89000000,63.89000000,63.87000000,63.87000000,6.08600000,1692432239999,388.79693000,3,0.00000000,0.00000000,0
1692432240000,63.90000000,63.90000000,63.89000000,63.89000000,18.75700000,1692432299999,1198.40885000,4,0.00000000,0.00000000,0
1692432300000,63.89000000,63.89000000,63.89000000,63.89000000,2.14000000,1692432359999,136.72460000,1,0.00000000,0.00000000,0
1692432360000,63.85000000,63.85000000,63.84000000,63.84000000,25.25400000,1692432419999,1612.22058000,4,0.00000000,0.00000000,0
1692432420000,63.84000000,63.86000000,63.84000000,63.86000000,2.08100000,1692432479999,132.88136000,2,0.56500000,36.06960000,0
1692432480000,63.86000000,63.90000000,63.86000000,63.90000000,4.18900000,1692432539999,267.52198000,2,0.31100000,19.87290000,0
1692432540000,63.89000000,63.90000000,63.89000000,63.90000000,14.32600000,1692432599999,915.29481000,3,0.66700000,42.62130000,0
1692432600000,63.93000000,63.96000000,63.93000000,63.96000000,5.31000000,1692432659999,339.51607000,10,4.69300000,300.07126000,0
1692432660000,63.97000000,64.00000000,63.97000000,64.00000000,3.69200000,1692432719999,236.27528000,9,3.69200000,236.27528000,0
1692432720000,64.01000000,64.05000000,64.01000000,64.03000000,24.02200000,1692432779999,1538.41622000,12,23.91100000,1531.30889000,0
1692432780000,64.04000000,64.04000000,63.99000000,63.99000000,6.60400000,1692432839999,422.90845000,3,6.46000000,413.69245000,0
1692432840000,64.01000000,64.04000000,64.00000000,64.04000000,3.19500000,1692432899999,204.58666000,3,2.72500000,174.50666000,0
1692432900000,64.02000000,64.02000000,64.00000000,64.00000000,10.76500000,1692432959999,689.16430000,3,0.00000000,0.00000000,0
1692432960000,63.99000000,64.05000000,63.99000000,64.04000000,21.38000000,1692433019999,1368.47725000,7,18.25700000,1168.48033000,0
1692433020000,64.02000000,64.02000000,64.02000000,64.02000000,3.67400000,1692433079999,235.20948000,2,3.67400000,235.20948000,0
1692433080000,64.02000000,64.02000000,64.02000000,64.02000000,0.00000000,1692433139999,0.00000000,0,0.00000000,0.00000000,0
1692433140000,64.04000000,64.04000000,64.04000000,64.04000000,0.69200000,1692433199999,44.31568000,1,0.69200000,44.31568000,0
1692433200000,64.05000000,64.08000000,64.05000000,64.08000000,5.12100000,1692433259999,328.02071000,9,5.12100000,328.02071000,0
1692433260000,64.09000000,64.19000000,64.08000000,64.12000000,108.41700000,1692433319999,6954.18889000,34,39.93800000,2561.83989000,0
1692433320000,64.06000000,64.07000000,64.06000000,64.07000000,1.95700000,1692433379999,125.38059000,6,1.61300000,103.34395000,0
1692433380000,64.08000000,64.08000000,64.07000000,64.07000000,9.18700000,1692433439999,588.69503000,3,9.18700000,588.69503000,0
1692433440000,64.09000000,64.09000000,64.09000000,64.09000000,2.51400000,1692433499999,161.12226000,1,2.51400000,161.12226000,0
1692433500000,64.12000000,64.20000000,64.12000000,64.20000000,75.45600000,1692433559999,4842.11061000,15,72.66300000,4662.97029000,0
1692433560000,64.20000000,64.22000000,64.20000000,64.22000000,47.86200000,1692433619999,3073.01760000,11,47.86200000,3073.01760000,0
1692433620000,64.20000000,64.20000000,64.19000000,64.19000000,6.21400000,1692433679999,398.88745000,4,2.09600000,134.55303000,0
1692433680000,64.18000000,64.18000000,64.13000000,64.13000000,23.26200000,1692433739999,1492.20486000,9,0.00000000,0.00000000,0
1692433740000,64.13000000,64.17000000,64.12000000,64.17000000,416.11000000,1692433799999,26681.72941000,14,14.19500000,910.41704000,0
1692433800000,64.17000000,64.20000000,64.17000000,64.20000000,3.50200000,1692433859999,224.76420000,3,3.50200000,224.76420000,0
1692433860000,64.20000000,64.20000000,64.11000000,64.14000000,16.03300000,1692433919999,1028.33377000,15,9.64000000,618.30245000,0
1692433920000,64.10000000,64.10000000,64.07000000,64.09000000,2.09200000,1692433979999,134.07276000,8,1.14400000,73.31896000,0
1692433980000,64.09000000,64.09000000,64.09000000,64.09000000,0.00000000,1692434039999,0.00000000,0,0.00000000,0.00000000,0
1692434040000,64.11000000,64.11000000,64.04000000,64.04000000,1.01900000,1692434099999,65.29567000,3,0.52900000,33.91419000,0
1692434100000,64.06000000,64.06000000,64.06000000,64.06000000,0.44500000,1692434159999,28.50670000,1,0.44500000,28.50670000,0
1692434160000,64.04000000,64.04000000,64.01000000,64.01000000,64.30700000,1692434219999,4116.36318000,10,0.39700000,25.42388000,0
1692434220000,64.00000000,64.01000000,63.99000000,63.99000000,30.45300000,1692434279999,1949.21317000,13,2.41100000,154.30400000,0
1692434280000,63.99000000,64.01000000,63.98000000,64.01000000,44.86700000,1692434339999,2871.01736000,8,9.97500000,638.27334000,0
1692434340000,64.02000000,64.03000000,64.01000000,64.03000000,12.99200000,1692434399999,831.76025000,5,0.78000000,49.93560000,0
1692434400000,64.00000000,64.01000000,63.96000000,64.00000000,32.37700000,1692434459999,2071.82319000,14,4.00300000,256.15906000,0
1692434460000,64.02000000,64.02000000,64.01000000,64.01000000,8.31400000,1692434519999,532.25774000,4,0.45400000,29.06054000,0
1692434520000,64.00000000,64.05000000,64.00000000,64.04000000,122.69500000,1692434579999,7855.91548000,20,114.65400000,7341.13066000,0
1692434580000,63.97000000,63.97000000,63.97000000,63.97000000,15.54600000,1692434639999,994.47762000,3,0.00000000,0.00000000,0
1692434640000,64.00000000,64.01000000,64.00000000,64.01000000,0.41800000,1692434699999,26.75418000,2,0.41800000,26.75418000,0
1692434700000,63.98000000,63.98000000,63.98000000,63.98000000,2.00000000,1692434759999,127.96000000,1,0.00000000,0.00000000,0
1692434760000,64.02000000,64.04000000,64.02000000,64.04000000,1.67000000,1692434819999,106.91540000,2,1.67000000,106.91540000,0
1692434820000,64.04000000,64.04000000,64.04000000,64.04000000,0.00000000,1692434879999,0.00000000,0,0.00000000,0.00000000,0
1692434880000,64.00000000,64.04000000,64.00000000,64.04000000,4.14800000,1692434939999,265.52851000,3,4.14800000,265.52851000,0
1692434940000,64.04000000,64.04000000,64.02000000,64.03000000,8.98500000,1692434999999,575.26320000,5,8.98500000,575.26320000,0
1692435000000,64.04000000,64.04000000,64.04000000,64.04000000,6.28800000,1692435059999,402.68352000,1,6.28800000,402.68352000,0
1692435060000,64.04000000,64.04000000,64.04000000,64.04000000,0.00000000,1692435119999,0.00000000,0,0.00000000,0.00000000,0
1692435120000,64.05000000,64.09000000,64.05000000,64.08000000,2.61600000,1692435179999,167.63018000,9,2.15100000,137.83763000,0
1692435180000,64.07000000,64.08000000,64.06000000,64.08000000,12.51500000,1692435239999,801.75563000,7,1.01700000,65.16936000,0
1692435240000,64.05000000,64.05000000,64.03000000,64.03000000,2.91300000,1692435299999,186.55495000,2,1.13500000,72.67405000,0
1692435300000,64.03000000,64.03000000,64.03000000,64.03000000,0.00000000,1692435359999,0.00000000,0,0.00000000,0.00000000,0
1692435360000,64.02000000,64.06000000,64.01000000,64.06000000,5.57600000,1692435419999,357.06321000,5,3.71500000,237.92654000,0
1692435420000,64.06000000,64.09000000,64.06000000,64.09000000,4.09400000,1692435479999,262.34795000,5,3.70600000,237.49267000,0
1692435480000,64.09000000,64.09000000,64.08000000,64.08000000,7.09700000,1692435539999,454.78541000,4,0.96500000,61.84685000,0
1692435540000,64.08000000,64.09000000,64.08000000,64.09000000,5.48800000,1692435599999,351.70867000,3,5.48800000,351.70867000,0
1692435600000,64.09000000,64.09000000,64.09000000,64.09000000,0.00000000,1692435659999,0.00000000,0,0.00000000,0.00000000,0
1692435660000,64.05000000,64.05000000,64.04000000,64.04000000,1.30400000,1692435719999,83.51437000,2,1.30400000,83.51437000,0
1692435720000,64.02000000,64.02000000,64.02000000,64.02000000,9.23000000,1692435779999,590.90460000,3,0.00000000,0.00000000,0
1692435780000,64.01000000,64.01000000,63.99000000,63.99000000,10.82100000,1692435839999,692.53891000,5,0.82100000,52.53891000,0
1692435840000,63.99000000,63.99000000,63.98000000,63.99000000,6.36300000,1692435899999,407.13889000,4,3.41500000,218.52585000,0
1692435900000,63.99000000,63.99000000,63.99000000,63.99000000,4.42600000,1692435959999,283.21974000,4,0.00000000,0.00000000,0
1692435960000,63.99000000,63.99000000,63.99000000,63.99000000,0.00000000,1692436019999,0.00000000,0,0.00000000,0.00000000,0
1692436020000,64.00000000,64.00000000,63.99000000,63.99000000,3.47700000,1692436079999,222.51837000,2,0.96300000,61.62237000,0
1692436080000,64.00000000,64.00000000,64.00000000,64.00000000,0.58600000,1692436139999,37.50400000,2,0.58600000,37.50400000,0
1692436140000,64.01000000,64.03000000,64.01000000,64.03000000,1.67400000,1692436199999,107.17906000,4,1.31600000,84.26348000,0
1692436200000,64.03000000,64.03000000,64.03000000,64.03000000,22.27500000,1692436259999,1426.26825000,2,22.27500000,1426.26825000,0
1692436260000,64.04000000,64.06000000,64.04000000,64.06000000,0.87500000,1692436319999,56.04755000,3,0.87500000,56.04755000,0
1692436320000,64.05000000,64.05000000,64.05000000,64.05000000,3.88400000,1692436379999,248.77020000,4,3.88400000,248.77020000,0
1692436380000,64.04000000,64.06000000,64.04000000,64.06000000,12.45100000,1692436439999,797.50976000,4,7.38600000,473.14716000,0
1692436440000,64.06000000,64.09000000,64.06000000,64.09000000,4.77000000,1692436499999,305.63740000,11,2.92500000,187.42654000,0
1692436500000,64.09000000,64.11000000,64.09000000,64.11000000,31.35600000,1692436559999,2009.67973000,13,3.97700000,254.95962000,0
1692436560000,64.10000000,64.11000000,64.10000000,64.11000000,4.21900000,1692436619999,270.44801000,3,4.21900000,270.44801000,0
1692436620000,64.08000000,64.08000000,64.08000000,64.08000000,4.55400000,1692436679999,291.82032000,3,0.00000000,0.00000000,0
1692436680000,64.05000000,64.07000000,64.04000000,64.07000000,10.25600000,1692436739999,656.89881000,5,2.81900000,180.58819000,0
1692436740000,64.05000000,64.05000000,64.03000000,64.03000000,4.61400000,1692436799999,295.45215000,6,1.01800000,65.20027000,0
1692436800000,64.02000000,64.02000000,64.02000000,64.02000000,10.41100000,1692436859999,666.51222000,4,0.00000000,0.00000000,0
1692436860000,64.02000000,64.02000000,64.00000000,64.01000000,4.17800000,1692436919999,267.43618000,3,3.98900000,255.34018000,0
1692436920000,64.01000000,64.01000000,64.01000000,64.01000000,0.00000000,1692436979999,0.00000000,0,0.00000000,0.00000000,0
1692436980000,64.05000000,64.05000000,64.04000000,64.04000000,0.98000000,1692437039999,62.76612000,2,0.69200000,44.32260000,0
1692437040000,64.04000000,64.04000000,64.04000000,64.04000000,0.00000000,1692437099999,0.00000000,0,0.00000000,0.00000000,0
1692437100000,64.06000000,64.06000000,64.06000000,64.06000000,3.41500000,1692437159999,218.76490000,1,3.41500000,218.76490000,0
1692437160000,64.06000000,64.06000000,64.06000000,64.06000000,0.18600000,1692437219999,11.91516000,1,0.18600000,11.91516000,0
1692437220000,64.08000000,64.12000000,64.08000000,64.11000000,10.97600000,1692437279999,703.65504000,7,2.18800000,140.25524000,0
1692437280000,64.11000000,64.12000000,64.11000000,64.12000000,6.49800000,1692437339999,416.62662000,3,6.49800000,416.62662000,0
1692437340000,64.11000000,64.12000000,64.10000000,64.12000000,23.16900000,1692437399999,1485.24788000,6,3.93000000,251.99160000,0
1692437400000,64.12000000,64.12000000,64.12000000,64.12000000,38.54200000,1692437459999,2471.31304000,7,1.00000000,64.12000000,0
1692437460000,64.13000000,64.14000000,64.13000000,64.14000000,4.61300000,1692437519999,295.85080000,6,4.16300000,266.98780000,0
1692437520000,64.14000000,64.14000000,64.11000000,64.11000000,7.83300000,1692437579999,502.18644000,4,0.42700000,27.38778000,0
1692437580000,64.09000000,64.09000000,64.06000000,64.06000000,1.55200000,1692437639999,99.44786000,3,0.74400000,47.66314000,0
1692437640000,64.08000000,64.08000000,64.08000000,64.08000000,0.45300000,1692437699999,29.02824000,1,0.45300000,29.02824000,0
1692437700000,64.10000000,64.10000000,64.10000000,64.10000000,0.75700000,1692437759999,48.52370000,1,0.75700000,48.52370000,0
1692437760000,64.13000000,64.13000000,64.10000000,64.10000000,17.79400000,1692437819999,1140.69800000,2,0.00000000,0.00000000,0
1692437820000,64.09000000,64.09000000,64.09000000,64.09000000,0.85500000,1692437879999,54.79695000,1,0.85500000,54.79695000,0
1692437880000,64.06000000,64.06000000,64.05000000,64.05000000,2.58700000,1692437939999,165.70134000,3,0.39900000,25.55994000,0
1692437940000,64.05000000,64.05000000,64.05000000,64.05000000,0.00000000,1692437999999,0.00000000,0,0.00000000,0.00000000,0
1692438000000,64.12000000,64.12000000,64.12000000,64.12000000,4.06300000,1692438059999,260.51956000,3,3.42400000,219.54688000,0
1692438060000,64.11000000,64.12000000,64.11000000,64.12000000,5.86800000,1692438119999,376.20100000,3,5.86800000,376.20100000,0
1692438120000,64.13000000,64.14000000,64.13000000,64.13000000,1.22000000,1692438179999,78.24556000,4,0.51700000,33.15850000,0
1692438180000,64.13000000,64.16000000,64.12000000,64.16000000,27.13300000,1692438239999,1740.16763000,10,11.77400000,755.30531000,0
1692438240000,64.16000000,64.18000000,64.16000000,64.18000000,57.11600000,1692438299999,3665.09390000,9,57.11600000,3665.09390000,0
1692438300000,64.19000000,64.19000000,64.19000000,64.19000000,0.26400000,1692438359999,16.94616000,2,0.26400000,16.94616000,0
1692438360000,64.20000000,64.22000000,64.20000000,64.20000000,33.74200000,1692438419999,2166.30218000,13,7.79200000,500.27776000,0
1692438420000,64.22000000,64.25000000,64.22000000,64.25000000,168.72300000,1692438479999,10837.43371000,14,168.57000000,10827.60499000,0
1692438480000,64.24000000,64.27000000,64.24000000,64.27000000,36.25300000,1692438539999,2329.14741000,15,2.42000000,155.51159000,0
1692438540000,64.27000000,64.27000000,64.25000000,64.25000000,19.65600000,1692438599999,1263.13153000,5,3.89600000,250.39592000,0
1692438600000,64.23000000,64.24000000,64.22000000,64.22000000,23.63700000,1692438659999,1518.20914000,7,2.07100000,133.02496000,0
1692438660000,64.21000000,64.21000000,64.18000000,64.18000000,32.18100000,1692438719999,2066.02382000,6,0.74400000,47.77224000,0
1692438720000,64.19000000,64.22000000,64.18000000,64.18000000,4.66700000,1692438779999,299.69625000,7,4.47900000,287.63041000,0
1692438780000,64.18000000,64.18000000,64.18000000,64.18000000,0.00000000,1692438839999,0.00000000,0,0.00000000,0.00000000,0
1692438840000,64.21000000,64.22000000,64.21000000,64.22000000,5.19600000,1692438899999,333.68160000,3,5.19600000,333.68160000,0
1692438900000,64.25000000,64.26000000,64.21000000,64.22000000,12.07800000,1692438959999,775.59733000,8,1.58200000,101.60994000,0
1692438960000,64.20000000,64.21000000,64.20000000,64.21000000,1.27200000,1692439019999,81.67018000,3,0.77800000,49.95538000,0
1692439020000,64.19000000,64.19000000,64.19000000,64.19000000,3.13300000,1692439079999,201.10727000,2,0.00000000,0.00000000,0
1692439080000,64.19000000,64.19000000,64.19000000,64.19000000,0.00000000,1692439139999,0.00000000,0,0.00000000,0.00000000,0
1692439140000,64.19000000,64.19000000,64.19000000,64.19000000,0.00000000,1692439199999,0.00000000,0,0.00000000,0.00000000,0
1692439200000,64.19000000,64.19000000,64.19000000,64.19000000,0.13300000,1692439259999,8.53727000,1,0.00000000,0.00000000,0
1692439260000,64.19000000,64.19000000,64.19000000,64.19000000,0.00000000,1692439319999,0.00000000,0,0.00000000,0.00000000,0
1692439320000,64.24000000,64.25000000,64.24000000,64.25000000,0.44400000,1692439379999,28.52478000,2,0.44400000,28.52478000,0
1692439380000,64.26000000,64.27000000,64.26000000,64.27000000,0.72600000,1692439439999,46.65686000,3,0.72600000,46.65686000,0
1692439440000,64.27000000,64.27000000,64.27000000,64.27000000,0.00000000,1692439499999,0.00000000,0,0.00000000,0.00000000,0
1692439500000,64.26000000,64.27000000,64.24000000,64.24000000,4.18300000,1692439559999,268.80111000,8,3.96100000,254.53983000,0
1692439560000,64.24000000,64.25000000,64.24000000,64.25000000,20.68300000,1692439619999,1328.88140000,4,20.68300000,1328.88140000,0
1692439620000,64.27000000,64.29000000,64.27000000,64.29000000,56.19800000,1692439679999,3611.91936000,7,56.19800000,3611.91936000,0
1692439680000,64.29000000,64.33000000,64.29000000,64.29000000,81.39800000,1692439739999,5234.49999000,30,46.30600000,2977.89656000,0
1692439740000,64.30000000,64.31000000,64.29000000,64.29000000,976.42000000,1692439799999,62792.60197000,16,632.50800000,40675.66361000,0
1692439800000,64.30000000,64.31000000,64.30000000,64.31000000,7.01400000,1692439859999,451.04765000,4,7.01400000,451.04765000,0
1692439860000,64.32000000,64.32000000,64.28000000,64.28000000,24.61000000,1692439919999,1582.03705000,5,3.22700000,207.50464000,0
1692439920000,64.25000000,64.25000000,64.25000000,64.25000000,0.18800000,1692439979999,12.07900000,1,0.00000000,0.00000000,0
1692439980000,64.24000000,64.24000000,64.23000000,64.23000000,1.32400000,1692440039999,85.04240000,4,0.77700000,49.90671000,0
1692440040000,64.24000000,64.24000000,64.24000000,64.24000000,1.67200000,1692440099999,107.40928000,3,1.67200000,107.40928000,0
1692440100000,64.24000000,64.24000000,64.24000000,64.24000000,0.00000000,1692440159999,0.00000000,0,0.00000000,0.00000000,0
1692440160000,64.23000000,64.24000000,64.19000000,64.20000000,0.97400000,1692440219999,62.54882000,6,0.59800000,38.40586000,0
1692440220000,64.19000000,64.19000000,64.16000000,64.16000000,2.99600000,1692440279999,192.26715000,11,0.80400000,51.60576000,0
1692440280000,64.15000000,64.15000000,64.15000000,64.15000000,0.30100000,1692440339999,19.30915000,2,0.00000000,0.00000000,0
1692440340000,64.15000000,64.15000000,64.15000000,64.15000000,15.56800000,1692440399999,998.68720000,2,15.56800000,998.68720000,0
1692440400000,64.14000000,64.14000000,64.14000000,64.14000000,1.55800000,1692440459999,99.93012000,3,0.00000000,0.00000000,0
1692440460000,64.14000000,64.16000000,64.14000000,64.15000000,5.62500000,1692440519999,360.85829000,4,4.06700000,260.92817000,0
1692440520000,64.14000000,64.14000000,64.13000000,64.13000000,29.27200000,1692440579999,1877.21961000,5,0.00000000,0.00000000,0
1692440580000,64.14000000,64.17000000,64.14000000,64.17000000,63.95500000,1692440639999,4102.53956000,7,63.95500000,4102.53956000,0
1692440640000,64.16000000,64.16000000,64.13000000,64.13000000,35.61600000,1692440699999,2284.06743000,4,0.44500000,28.55120000,0
1692440700000,64.15000000,64.16000000,64.15000000,64.15000000,3.98100000,1692440759999,255.40254000,15,3.81500000,244.75364000,0
1692440760000,64.17000000,64.17000000,64.16000000,64.16000000,2.08500000,1692440819999,133.78365000,2,1.00500000,64.49085000,0
1692440820000,64.16000000,64.19000000,64.16000000,64.19000000,1.89300000,1692440879999,121.49868000,2,1.46000000,93.71740000,0
1692440880000,64.20000000,64.20000000,64.19000000,64.19000000,18.49900000,1692440939999,1187.61939000,5,16.85800000,1082.28360000,0
1692440940000,64.15000000,64.15000000,64.15000000,64.15000000,1.00000000,1692440999999,64.15000000,1,0.00000000,0.00000000,0
1692441000000,64.17000000,64.17000000,64.17000000,64.17000000,0.21300000,1692441059999,13.66821000,1,0.21300000,13.66821000,0
1692441060000,64.13000000,64.13000000,64.11000000,64.11000000,15.27600000,1692441119999,979.37408000,14,0.23100000,14.80941000,0
1692441120000,64.10000000,64.10000000,64.08000000,64.08000000,2.52500000,1692441179999,161.82490000,9,0.09500000,6.08760000,0
1692441180000,64.08000000,64.08000000,64.08000000,64.08000000,7.61200000,1692441239999,487.77696000,2,7.61200000,487.77696000,0
1692441240000,64.08000000,64.11000000,64.07000000,64.07000000,140.29500000,1692441299999,8990.01473000,33,136.34000000,8736.59021000,0
1692441300000,64.07000000,64.07000000,64.07000000,64.07000000,0.00000000,1692441359999,0.00000000,0,0.00000000,0.00000000,0
1692441360000,64.08000000,64.08000000,64.08000000,64.08000000,16.76900000,1692441419999,1074.55752000,4,0.00000000,0.00000000,0
1692441420000,64.08000000,64.09000000,64.08000000,64.08000000,63.68200000,1692441479999,4080.77458000,10,3.20200000,205.21618000,0
1692441480000,64.08000000,64.08000000,64.06000000,64.06000000,50.23000000,1692441539999,3218.70892000,11,1.19300000,76.42358000,0
1692441540000,64.05000000,64.06000000,64.03000000,64.06000000,3.60000000,1692441599999,230.59040000,9,2.31800000,148.49108000,0
1692441600000,64.03000000,64.04000000,64.02000000,64.02000000,15.22400000,1692441659999,974.79039000,9,0.50500000,32.34020000,0
1692441660000,64.02000000,64.04000000,64.02000000,64.04000000,1.41700000,1692441719999,90.73102000,4,1.41700000,90.73102000,0
1692441720000,64.03000000,64.03000000,64.01000000,64.03000000,6.01700000,1692441779999,385.20899000,10,3.72800000,238.67242000,0
1692441780000,64.04000000,64.04000000,64.03000000,64.04000000,3.35900000,1692441839999,215.10916000,4,3.23900000,207.42556000,0
1692441840000,64.05000000,64.05000000,64.05000000,64.05000000,7.30900000,1692441899999,468.14145000,2,7.30900000,468.14145000,0
1692441900000,64.05000000,64.05000000,64.05000000,64.05000000,2.45700000,1692441959999,157.37085000,1,2.45700000,157.37085000,0
1692441960000,64.05000000,64.05000000,64.03000000,64.03000000,7.09000000,1692442019999,454.10676000,18,3.27800000,209.95590000,0
1692442020000,64.04000000,64.05000000,64.04000000,64.05000000,0.96700000,1692442079999,61.93249000,3,0.96700000,61.93249000,0
1692442080000,64.05000000,64.05000000,64.05000000,64.05000000,0.45300000,1692442139999,29.01465000,2,0.45300000,29.01465000,0
1692442140000,64.05000000,64.05000000,64.05000000,64.05000000,1.71900000,1692442199999,110.10195000,3,1.71900000,110.10195000,0
1692442200000,64.05000000,64.07000000,64.05000000,64.07000000,62.85600000,1692442259999,4026.61353000,9,62.85600000,4026.61353000,0
1692442260000,64.04000000,64.04000000,64.04000000,64.04000000,14.19800000,1692442319999,909.23992000,3,14.19800000,909.23992000,0
1692442320000,64.03000000,64.03000000,64.00000000,64.00000000,21.81500000,1692442379999,1396.19669000,26,0.85900000,54.97600000,0
1692442380000,64.00000000,64.00000000,64.00000000,64.00000000,0.56200000,1692442439999,35.96800000,1,0.56200000,35.96800000,0
1692442440000,63.99000000,63.99000000,63.97000000,63.97000000,253.54500000,1692442499999,16221.45056000,61,1.54600000,98.91308000,0
1692442500000,63.97000000,63.97000000,63.96000000,63.97000000,68.69200000,1692442559999,4394.20887000,22,2.16600000,138.54065000,0
1692442560000,63.97000000,64.01000000,63.97000000,64.01000000,108.56400000,1692442619999,6948.07403000,12,108.56400000,6948.07403000,0
1692442620000,64.00000000,64.03000000,64.00000000,64.03000000,6.21700000,1692442679999,398.05111000,3,6.21700000,398.05111000,0
1692442680000,64.01000000,64.01000000,64.00000000,64.00000000,15.31100000,1692442739999,979.95899000,5,5.49900000,351.99099000,0
1692442740000,63.99000000,63.99000000,63.99000000,63.99000000,0.12700000,1692442799999,8.12673000,1,0.00000000,0.00000000,0
1692442800000,63.99000000,63.99000000,63.99000000,63.99000000,0.65100000,1692442859999,41.65749000,3,0.00000000,0.00000000,0
1692442860000,64.00000000,64.00000000,63.98000000,63.99000000,23.99300000,1692442919999,1535.32020000,16,22.16600000,1418.41047000,0
1692442920000,63.99000000,63.99000000,63.98000000,63.98000000,39.07600000,1692442979999,2500.21508000,10,39.07600000,2500.21508000,0
1692442980000,63.97000000,63.99000000,63.97000000,63.99000000,12.74300000,1692443039999,815.34918000,7,12.74300000,815.34918000,0
1692443040000,63.99000000,63.99000000,63.99000000,63.99000000,0.00000000,1692443099999,0.00000000,0,0.00000000,0.00000000,0
1692443100000,63.99000000,63.99000000,63.99000000,63.99000000,0.00000000,1692443159999,0.00000000,0,0.00000000,0.00000000,0
1692443160000,63.99000000,63.99000000,63.97000000,63.97000000,2.74500000,1692443219999,175.61973000,2,1.10400000,70.64496000,0
1692443220000,63.98000000,64.00000000,63.98000000,64.00000000,0.34500000,1692443279999,22.07842000,2,0.34500000,22.07842000,0
1692443280000,64.01000000,64.03000000,64.01000000,64.02000000,2.62400000,1692443339999,167.99298000,6,2.53200000,162.10406000,0
1692443340000,64.01000000,64.02000000,64.01000000,64.01000000,31.36300000,1692443399999,2007.60685000,8,30.66600000,1962.99188000,0
1692443400000,64.01000000,64.01000000,64.01000000,64.01000000,8.00300000,1692443459999,512.27203000,2,8.00300000,512.27203000,0
1692443460000,64.01000000,64.02000000,64.01000000,64.02000000,1.81000000,1692443519999,115.86840000,3,1.81000000,115.86840000,0
1692443520000,64.01000000,64.01000000,63.94000000,63.97000000,11.94200000,1692443579999,763.83579000,13,4.34800000,278.15972000,0
1692443580000,63.98000000,63.98000000,63.98000000,63.98000000,2.87300000,1692443639999,183.81454000,2,0.00000000,0.00000000,0
1692443640000,63.98000000,63.98000000,63.98000000,63.98000000,0.00000000,1692443699999,0.00000000,0,0.00000000,0.00000000,0
1692443700000,63.98000000,63.98000000,63.98000000,63.98000000,0.00000000,1692443759999,0.00000000,0,0.00000000,0.00000000,0
1692443760000,63.99000000,63.99000000,63.99000000,63.99000000,1.29100000,1692443819999,82.61109000,3,1.29100000,82.61109000,0
1692443820000,63.96000000,63.96000000,63.94000000,63.94000000,6.90900000,1692443879999,441.78046000,7,0.61000000,39.01560000,0
1692443880000,63.94000000,63.95000000,63.94000000,63.95000000,1.96900000,1692443939999,125.91239000,4,1.45300000,92.91935000,0
1692443940000,63.92000000,63.92000000,63.91000000,63.91000000,1.81600000,1692443999999,116.07684000,9,0.00000000,0.00000000,0
1692444000000,63.92000000,63.95000000,63.91000000,63.94000000,16.25000000,1692444059999,1038.86422000,6,8.70800000,556.61536000,0
1692444060000,63.94000000,63.94000000,63.94000000,63.94000000,90.65500000,1692444119999,5796.48070000,5,0.00000000,0.00000000,0
1692444120000,63.95000000,63.97000000,63.95000000,63.96000000,102.89700000,1692444179999,6582.26895000,8,41.37300000,2646.63081000,0
1692444180000,63.96000000,63.96000000,63.96000000,63.96000000,1.45300000,1692444239999,92.93388000,1,0.00000000,0.00000000,0
1692444240000,63.95000000,63.95000000,63.95000000,63.95000000,300.00000000,1692444299999,19185.00000000,7,282.21600000,18047.71320000,0
1692444300000,63.96000000,63.96000000,63.96000000,63.96000000,0.81700000,1692444359999,52.25532000,1,0.81700000,52.25532000,0
1692444360000,63.99000000,64.00000000,63.99000000,64.00000000,12.80100000,1692444419999,819.25963000,5,12.80100000,819.25963000,0
1692444420000,64.01000000,64.03000000,64.01000000,64.03000000,17.20600000,1692444479999,1101.53743000,5,16.08600000,1029.82383000,0
1692444480000,64.03000000,64.03000000,63.97000000,63.97000000,9.63000000,1692444539999,616.40610000,7,8.54700000,547.10319000,0
1692444540000,63.98000000,64.02000000,63.98000000,64.02000000,0.76700000,1692444599999,49.09082000,3,0.76700000,49.09082000,0
1692444600000,64.02000000,64.02000000,64.02000000,64.02000000,0.00000000,1692444659999,0.00000000,0,0.00000000,0.00000000,0
1692444660000,64.02000000,64.02000000,63.99000000,64.00000000,25.02800000,1692444719999,1601.66197000,8,0.17900000,11.45600000,0
1692444720000,64.02000000,64.04000000,64.02000000,64.04000000,5.73800000,1692444779999,367.35238000,3,5.73800000,367.35238000,0
1692444780000,64.05000000,64.06000000,64.05000000,64.06000000,3.95100000,1692444839999,253.09255000,8,3.79600000,243.16480000,0
1692444840000,64.07000000,64.10000000,64.07000000,64.10000000,112.28300000,1692444899999,7194.49480000,7,112.28300000,7194.49480000,0
1692444900000,64.09000000,64.09000000,64.07000000,64.07000000,21.19200000,1692444959999,1358.19034000,3,0.24700000,15.82529000,0
1692444960000,64.08000000,64.08000000,64.06000000,64.06000000,14.32400000,1692445019999,917.87212000,4,0.00000000,0.00000000,0
1692445020000,64.05000000,64.05000000,64.05000000,64.05000000,0.74100000,1692445079999,47.46105000,2,0.57100000,36.57255000,0
1692445080000,64.05000000,64.05000000,64.05000000,64.05000000,0.00000000,1692445139999,0.00000000,0,0.00000000,0.00000000,0
1692445140000,64.09000000,64.10000000,64.09000000,64.09000000,5.80800000,1692445199999,372.28136000,7,5.80800000,372.28136000,0
1692445200000,64.04000000,64.04000000,64.02000000,64.02000000,5.00500000,1692445259999,320.42978000,9,2.24200000,143.53284000,0
1692445260000,64.00000000,64.00000000,63.98000000,63.98000000,69.47700000,1692445319999,4446.28989000,6,0.00000000,0.00000000,0
1692445320000,63.98000000,63.98000000,63.97000000,63.97000000,56.19900000,1692445379999,3595.40938000,24,34.29400000,2194.13012000,0
1692445380000,63.97000000,63.97000000,63.95000000,63.95000000,43.02800000,1692445439999,2752.25474000,32,0.00000000,0.00000000,0
1692445440000,63.95000000,63.95000000,63.95000000,63.95000000,0.70400000,1692445499999,45.02080000,1,0.00000000,0.00000000,0
1692445500000,63.95000000,63.95000000,63.93000000,63.93000000,32.48000000,1692445559999,2077.07004000,17,0.00000000,0.00000000,0
1692445560000,63.94000000,63.94000000,63.94000000,63.94000000,2.00700000,1692445619999,128.32758000,3,2.00700000,128.32758000,0
1692445620000,63.93000000,63.93000000,63.93000000,63.93000000,1.13600000,1692445679999,72.62448000,1,0.00000000,0.00000000,0
1692445680000,63.93000000,63.94000000,63.92000000,63.92000000,4.16000000,1692445739999,265.92644000,4,1.48700000,95.06828000,0
1692445740000,63.91000000,63.91000000,63.87000000,63.87000000,447.10900000,1692445799999,28567.30585000,39,0.64200000,41.01096000,0
1692445800000,63.88000000,63.88000000,63.88000000,63.88000000,1.32000000,1692445859999,84.32160000,2,1.32000000,84.32160000,0
1692445860000,63.88000000,63.91000000,63.88000000,63.89000000,71.61700000,1692445919999,4575.10168000,15,57.88700000,3698.02928000,0
1692445920000,63.90000000,63.90000000,63.90000000,63.90000000,3.72900000,1692445979999,238.28310000,3,3.72900000,238.28310000,0
1692445980000,63.92000000,63.92000000,63.92000000,63.92000000,1.03500000,1692446039999,66.15720000,3,1.03500000,66.15720000,0
1692446040000,63.92000000,63.92000000,63.92000000,63.92000000,0.00000000,1692446099999,0.00000000,0,0.00000000,0.00000000,0
1692446100000,63.90000000,63.90000000,63.90000000,63.90000000,5.58700000,1692446159999,357.00930000,4,3.18600000,203.58540000,0
1692446160000,63.91000000,63.91000000,63.86000000,63.87000000,90.81700000,1692446219999,5800.71158000,20,21.82500000,1394.13675000,0
1692446220000,63.87000000,63.87000000,63.81000000,63.83000000,61.31400000,1692446279999,3914.03522000,19,15.03900000,960.44037000,0
1692446280000,63.83000000,63.83000000,63.81000000,63.81000000,4.39000000,1692446339999,280.17890000,4,1.87600000,119.73542000,0
1692446340000,63.81000000,63.81000000,63.80000000,63.81000000,2.22200000,1692446399999,141.78442000,6,2.08200000,132.85242000,0
1692446400000,63.81000000,63.83000000,63.81000000,63.83000000,67.02900000,1692446459999,4277.80415000,15,67.02900000,4277.80415000,0
1692446460000,63.84000000,63.84000000,63.78000000,63.82000000,162.90000000,1692446519999,10394.79554000,23,45.86500000,2926.72852000,0
1692446520000,63.82000000,63.82000000,63.80000000,63.80000000,13.73600000,1692446579999,876.42646000,8,13.73600000,876.42646000,0
1692446580000,63.81000000,63.84000000,63.81000000,63.81000000,5.74900000,1692446639999,366.89960000,7,5.74900000,366.89960000,0
1692446640000,63.81000000,63.81000000,63.79000000,63.79000000,3.36900000,1692446699999,214.95657000,6,3.36900000,214.95657000,0
1692446700000,63.79000000,63.79000000,63.79000000,63.79000000,11.31800000,1692446759999,721.97522000,2,11.31800000,721.97522000,0
1692446760000,63.80000000,63.81000000,63.80000000,63.81000000,24.43500000,1692446819999,1559.12035000,5,24.43500000,1559.12035000,0
1692446820000,63.79000000,63.79000000,63.77000000,63.77000000,77.89000000,1692446879999,4967.65688000,12,1.65800000,105.74486000,0
1692446880000,63.76000000,63.77000000,63.76000000,63.77000000,0.55100000,1692446939999,35.13527000,2,0.35100000,22.38327000,0
1692446940000,63.77000000,63.77000000,63.77000000,63.77000000,3.02200000,1692446999999,192.71294000,2,3.02200000,192.71294000,0
1692447000000,63.77000000,63.77000000,63.77000000,63.77000000,0.00000000,1692447059999,0.00000000,0,0.00000000,0.00000000,0
1692447060000,63.77000000,63.77000000,63.70000000,63.70000000,69.26800000,1692447119999,4414.95430000,19,0.72800000,46.42456000,0
1692447120000,63.70000000,63.71000000,63.68000000,63.71000000,107.03300000,1692447179999,6817.88066000,28,88.86500000,5660.69519000,0
1692447180000,63.70000000,63.70000000,63.70000000,63.70000000,11.82700000,1692447239999,753.37990000,1,11.82700000,753.37990000,0
1692447240000,63.69000000,63.69000000,63.66000000,63.69000000,17.39300000,1692447299999,1107.59585000,10,15.25400000,971.39160000,0
1692447300000,63.69000000,63.71000000,63.69000000,63.70000000,12.59000000,1692447359999,801.90224000,4,12.59000000,801.90224000,0
1692447360000,63.69000000,63.70000000,63.69000000,63.70000000,18.61300000,1692447419999,1185.59137000,3,12.94000000,824.27800000,0
1692447420000,63.71000000,63.76000000,63.71000000,63.76000000,23.86900000,1692447479999,1521.10852000,12,23.86900000,1521.10852000,0
1692447480000,63.76000000,63.76000000,63.76000000,63.76000000,5.76100000,1692447539999,367.32136000,6,5.76100000,367.32136000,0
1692447540000,63.76000000,63.76000000,63.75000000,63.75000000,12.49600000,1692447599999,796.67324000,8,5.32400000,339.45824000,0
1692447600000,63.74000000,63.75000000,63.74000000,63.74000000,5.29200000,1692447659999,337.32460000,5,5.29200000,337.32460000,0
1692447660000,63.74000000,63.76000000,63.74000000,63.76000000,96.04900000,1692447719999,6123.89617000,11,96.04900000,6123.89617000,0
1692447720000,63.76000000,63.77000000,63.73000000,63.73000000,11.64700000,1692447779999,742.45641000,11,4.59800000,293.16848000,0
1692447780000,63.70000000,63.70000000,63.69000000,63.69000000,40.28900000,1692447839999,2566.40741000,8,0.00000000,0.00000000,0
1692447840000,63.68000000,63.68000000,63.68000000,63.68000000,34.65300000,1692447899999,2206.70304000,1,34.65300000,2206.70304000,0
1692447900000,63.69000000,63.73000000,63.69000000,63.73000000,19.92600000,1692447959999,1269.49229000,8,15.47200000,985.72795000,0
1692447960000,63.73000000,63.73000000,63.73000000,63.73000000,0.00000000,1692448019999,0.00000000,0,0.00000000,0.00000000,0
1692448020000,63.72000000,63.73000000,63.72000000,63.73000000,0.83400000,1692448079999,53.14548000,3,0.83400000,53.14548000,0
1692448080000,63.70000000,63.70000000,63.69000000,63.70000000,21.97100000,1692448139999,1399.42409000,7,18.97100000,1208.34409000,0
1692448140000,63.71000000,63.71000000,63.71000000,63.71000000,2.24700000,1692448199999,143.15637000,3,2.24700000,143.15637000,0
1692448200000,63.71000000,63.71000000,63.71000000,63.71000000,0.00000000,1692448259999,0.00000000,0,0.00000000,0.00000000,0
1692448260000,63.71000000,63.71000000,63.71000000,63.71000000,0.00000000,1692448319999,0.00000000,0,0.00000000,0.00000000,0
1692448320000,63.71000000,63.78000000,63.71000000,63.78000000,15.11300000,1692448379999,963.14130000,13,15.11300000,963.14130000,0
1692448380000,63.77000000,63.78000000,63.77000000,63.78000000,7.61500000,1692448439999,485.66917000,3,7.61500000,485.66917000,0
1692448440000,63.78000000,63.79000000,63.78000000,63.79000000,6.49600000,1692448499999,414.35953000,5,6.49600000,414.35953000,0
1692448500000,63.80000000,63.83000000,63.80000000,63.82000000,11.53200000,1692448559999,735.85624000,12,10.95000000,698.71882000,0
1692448560000,63.84000000,63.84000000,63.84000000,63.84000000,6.73300000,1692448619999,429.83472000,5,6.73300000,429.83472000,0
1692448620000,63.84000000,63.86000000,63.84000000,63.86000000,58.60700000,1692448679999,3742.57254000,9,58.60700000,3742.57254000,0
1692448680000,63.87000000,63.88000000,63.87000000,63.88000000,1.55000000,1692448739999,99.01211000,3,1.55000000,99.01211000,0
1692448740000,63.86000000,63.86000000,63.80000000,63.80000000,21.48900000,1692448799999,1371.29575000,13,2.41700000,154.22149000,0
1692448800000,63.79000000,63.79000000,63.74000000,63.75000000,414.83800000,1692448859999,26442.06661000,19,22.36400000,1425.72858000,0
1692448860000,63.73000000,63.73000000,63.71000000,63.71000000,3.69200000,1692448919999,235.24906000,7,0.89700000,57.15842000,0
1692448920000,63.73000000,63.73000000,63.73000000,63.73000000,0.28100000,1692448979999,17.90813000,1,0.00000000,0.00000000,0
1692448980000,63.70000000,63.73000000,63.70000000,63.73000000,20.67200000,1692449039999,1317.00569000,11,18.37600000,1170.75049000,0
1692449040000,63.73000000,63.74000000,63.73000000,63.74000000,15.96000000,1692449099999,1017.16419000,4,15.96000000,1017.16419000,0
1692449100000,63.74000000,63.77000000,63.74000000,63.77000000,115.13200000,1692449159999,7341.54226000,8,115.13200000,7341.54226000,0
1692449160000,63.78000000,63.80000000,63.78000000,63.80000000,0.64600000,1692449219999,41.20565000,4,0.64600000,41.20565000,0
1692449220000,63.76000000,63.76000000,63.73000000,63.73000000,25.53300000,1692449279999,1627.65744000,9,1.13400000,72.30384000,0
1692449280000,63.73000000,63.73000000,63.73000000,63.73000000,0.00000000,1692449339999,0.00000000,0,0.00000000,0.00000000,0
